1261617	750866	452824	257992	721279	925856	1132867	794864	1174535	1125622	
1261617	567777	452824	257992	863895	825956	1021030	762551	1174535	1125622	
1281070	621522	452824	257992	843615	1026717	1021030	635596	987353	1125622	
1261617	800215	452824	257992	721279	925856	1210327	794864	1174535	1125622	
1261617	621522	452824	257992	850663	825956	1021030	672656	987353	1125622	
1281070	621522	452824	257992	843615	1045056	1021030	635596	987353	1125622	
835039	519067	787203	440906	443042	114362	382418	308193	799787	635577	
846682	436014	787203	552358	443042	180059	339625	308193	799787	635577	
846682	436014	787203	492160	443042	180059	339625	308193	799787	635577	
846682	439209	787203	518077	443042	180059	304135	308193	799787	635577	
846682	439209	787203	839198	443042	180059	357685	308193	799787	635577	
880024	436014	787203	443369	443042	114362	304135	308193	799787	635577	
846682	439209	819838	518077	443042	180059	357685	308193	799787	635577	
846682	436014	788414	552358	443042	180059	339625	308193	799787	635577	
905343	347973	806281	1369507	577320	443609	1275331	836730	1032181	1067289	
905343	313408	806281	1369507	577320	443609	1333820	691516	1032181	1067289	
905343	312957	798841	1369507	577320	443609	1333820	691516	1032181	1067289	
